# Created by Octave 8.2.0, Wed Jun 07 09:13:38 2023 -03 <lincoln@lenovo>
# name: xp_epsilon
# type: matrix
# rows: 2
# columns: 20
 2.9999999988245962 -3.4570500999053211 -1.8413043957640889 -1.066352175155231 -0.20138538033212616 1.5074859696555927 2.7185050696347468 3.1716208629705598 3.1408222121284339 3.0867884930042342 3.0401367972079263 3.1550518892505055 3.1690305107619281 3.0771894865553238 2.9413947274860184 2.7879867096688433 2.6070383165108217 2.3720113940184624 2.0175659528018217 1.2858503327546422
 1.9999999975530895 1.5174802703164745 0.26492096821755512 -0.074525257420549537 -0.2839392385801659 0.038546941550264287 0.97998044384553007 1.5487745368095995 1.7455560216203883 1.8518049821313305 1.93230800853132 1.7098251708359953 1.5371923484291272 1.3608665963316344 1.2014113767556771 1.0463126456473768 0.87698099472693269 0.67067095199012816 0.38487669154674259 -0.080496545744884906


# name: fp_epsilon
# type: matrix
# rows: 2
# columns: 20
 10 19.76704269778315 19.6356843864484 19.542100956467415 19.392660181646981 18.586551707176714 15.282305184752861 11.890082323142904 10.779778420967553 10.286490311471058 10.061550489457115 10.976704267366387 11.95340853547162 12.930112801713122 13.906817077161371 14.88352132959843 15.860225602596948 16.836929888253906 17.813634157482056 18.790338427003068
 50.499999905479768 4.4096790907139019 9.0187110470269154 13.627743157952661 18.236775304079444 22.845807242821724 27.454839411295474 32.063871567045517 36.672903595659243 41.281935713647819 45.890967677578338 35.491258197446051 31.906602240819161 30.132350465181194 28.927877696330139 27.877462840403155 26.827760688509482 25.674343636713374 24.28715483738959 22.348919301723939


