# Created by Octave 8.2.0, Wed Jun 07 09:16:25 2023 -03 <lincoln@lenovo>
# name: xp_soma_ponderada
# type: matrix
# rows: 2
# columns: 11
 2.9999999919649749 -3.4570500897518883 -3.4479163878326138 -3.4364292668987302 -3.4215439384518644 -3.4014896532609513 -3.3730055320629 3.1358838745359856 3.1023912659395005 3.0678463830773994 3.033759697449137
 1.9999999937008597 1.5174802660266036 1.5090476820555052 1.4984535907403642 1.4847444374393188 1.4663092570161163 1.4401947923054019 1.7566685928746695 1.8234388417651932 1.8849792671842209 1.9430915478755102


# name: fp_soma_ponderada
# type: matrix
# rows: 2
# columns: 11
 10 19.767042697094027 19.766446051186865 19.765693665531188 19.76471537593925 19.763391427590573 19.761499204830489 10.720761173889077 10.399918412558398 10.175204600503209 10.043592032430404
 50.499999916967226 4.4096790907139019 4.4098357144910825 4.4104771772707405 4.4120443644163316 4.4154678192199057 4.4229149440621054 37.077203407467856 39.887976731252465 43.065391618028194 46.58069245373089


